0,12,10,7,4,4,2,2,2,4,3
0,0,0,1,4,4,11,8,7,10,8
0,0,3,4,6,10,11,13,16,13,15
0,13,13,8,6,2,7,4,2,1,1
0,16,14,10,12,4,2,1,0,1,0
0,14,7,9,14,16,9,6,4,4,3
0,15,8,11,8,9,9,7,8,12,10
0,14,21,23,27,8,3,0,1,1,0
0,26,22,20,13,7,2,4,1,1,0
0,7,8,9,6,6,4,3,3,2,1
0,19,16,13,12,5,5,6,2,6,6
0,31,20,20,9,4,1,4,1,5,3
0,23,17,16,11,4,5,2,3,3,0
0,20,18,27,10,4,1,0,0,0,0
0,7,10,7,7,3,2,4,4,3,2
0,26,21,16,8,3,4,3,3,2,1
0,28,27,21,5,4,3,1,4,0,1
0,20,13,8,3,1,1,1,2,1,1
0,21,17,13,4,5,1,1,2,3,0
0,17,22,20,4,1,1,0,0,0,1
0,21,23,15,6,3,6,5,5,3,5
0,39,24,15,2,5,1,3,4,0,1
0,33,29,15,5,0,1,3,1,1,2
0,23,17,11,4,0,2,1,0,2,0
0,35,35,14,3,1,3,3,3,0,1
0,24,17,7,1,4,0,0,1,1,2
0,27,31,13,2,0,4,3,2,1,4
0,24,24,8,3,1,1,0,1,2,2
0,38,33,4,1,3,4,3,2,2,3
0,41,23,8,1,3,0,1,1,2,0
0,4,6,9,6,4,7,4,7,4,7
0,4,9,16,3,4,1,8,2,6,5
0,4,0,0,2,2,1,0,2,0,3
0,0,0,1,1,0,0,0,0,0,1
0,0,0,0,0,2,0,0,1,1,1
0,0,0,1,0,0,0,0,0,0,1
0,0,0,0,0,0,0,0,0,0,0
0,0,0,0,0,0,0,0,0,0,0
0,0,0,0,0,0,0,0,0,0,0
0,0,0,0,0,0,0,0,0,0,0
0,0,0,0,0,0,0,0,0,1,0
0,0,0,0,0,0,0,0,0,1,0
0,0,0,0,1,0,0,0,0,0,0
0,0,0,0,0,0,0,0,0,0,0
0,0,0,0,0,0,0,0,0,0,0
0,0,0,0,0,0,0,0,0,0,0
0,0,0,0,0,0,0,0,0,0,1
0,0,0,0,0,0,0,0,0,0,0
0,0,0,0,0,0,0,0,0,0,0
0,0,0,0,0,0,0,0,0,0,0
0,0,0,0,0,0,0,0,0,0,0
0,0,0,0,0,0,0,0,0,0,0
0,0,0,0,0,0,0,0,0,0,0
0,0,0,0,0,0,0,0,0,0,0
0,0,0,0,0,0,0,0,0,0,0
0,0,0,0,0,0,0,0,0,0,0
0,0,0,0,0,0,0,0,0,0,0
0,0,0,0,0,0,0,0,0,0,0
0,0,0,0,0,0,0,0,0,0,0
Stack
1,1,3,9,5
10,7,6,5,9
6,2,7,6,4
1,1,4,6,2
5,4,1,4,1
5,8,9,3,5
3,8,3,10,4
4,1,1,3,4
1,1,3,1,1
8,1,6,3,5
2,9,1,6,7
1,3,1,1,1
3,3,4,1,4
3,2,1,2,2
7,5,4,4,2
2,1,4,2,4
2,3,3,1,1
7,8,1,1,3
3,4,2,1,1
2,3,5,2,3
4,10,10,2,1
1,2,1,1,5
1,1,1,2,3
2,2,3,4,3
1,1,2,2,10
8,2,5,1,5
1,1,1,1,1
2,1,1,3,4
2,1,7,2,2
1,1,2,2,2
7,5,9,10,10
7,7,3,1,7
4,4,8,1,10
4,4,4,3,10
8,5,5,10,9
3,3,3,3,10
0,0,0,0,0
0,0,0,0,0
0,0,0,0,0
0,0,0,0,0
9,9,9,9,9
9,9,9,9,9
4,4,4,4,4
0,0,0,0,0
0,0,0,0,0
0,0,0,0,0
10,10,10,10,10
0,0,0,0,0
0,0,0,0,0
0,0,0,0,0
0,0,0,0,0
0,0,0,0,0
0,0,0,0,0
0,0,0,0,0
0,0,0,0,0
0,0,0,0,0
0,0,0,0,0
0,0,0,0,0
0,0,0,0,0